35 35
1 1 1 1 1 1 1 1 1 1 0 0 0 0 1 1 1 1 1 1 1 1 0 0 0 0 1 1 1 4 4 1 1 1 1
 1 1 1 1 1 1 1 1 1 0 0 0 0 0 1 1 1 1 1 1 1 0 0 0 0 0 1 1 4 5 4 1 1 1 1
1 1 1 1 1 1 1 1 1 1 0 0 0 0 1 1 1 1 1 1 6 6 0 0 0 0 1 1 1 4 4 1 1 1 1
 1 1 1 1 0 0 0 1 1 1 0 0 0 1 1 1 0 0 0 6 7 6 0 0 0 1 1 1 0 0 0 1 1 1 1
1 1 1 1 0 0 0 0 1 1 1 1 1 1 1 1 0 0 0 0 6 6 1 1 1 1 1 1 0 0 0 0 1 1 1
 1 1 1 0 0 0 0 0 1 1 1 1 1 1 1 0 0 0 0 0 1 1 1 1 1 1 1 0 0 0 0 0 1 1 1
1 1 2 2 0 0 0 0 1 1 1 1 1 1 1 1 0 0 0 0 1 1 1 1 1 1 2 2 0 0 0 0 2 2 1
 0 2 3 2 0 0 0 1 1 1 0 0 0 1 1 1 0 0 0 1 1 1 0 0 0 2 3 2 0 0 0 2 3 2 0
0 0 2 2 1 1 1 1 1 1 0 0 0 0 1 1 1 7 7 1 1 1 0 0 0 0 2 2 1 1 1 1 2 2 0
 0 0 1 1 1 1 1 1 1 0 0 0 0 0 1 1 7 8 7 1 1 0 0 0 0 0 1 1 1 1 1 1 1 0 0
0 0 1 1 1 1 1 1 3 3 0 0 0 0 1 1 1 7 7 1 1 1 0 0 0 0 1 1 1 1 1 1 1 1 0
 0 1 1 1 0 0 0 3 4 3 0 0 0 1 1 1 0 0 0 1 1 1 0 0 0 1 1 1 0 0 0 1 1 1 0
1 1 1 1 0 0 0 0 3 3 1 1 1 1 1 1 0 0 0 0 1 1 1 3 3 1 1 1 0 0 0 0 1 1 1
 1 1 1 0 0 0 0 0 1 1 1 1 1 1 1 0 0 0 0 0 1 1 3 4 3 1 1 0 0 0 0 0 1 1 1
1 1 1 1 0 0 0 0 1 1 1 1 1 1 8 8 0 0 0 0 1 1 1 3 3 1 1 1 0 0 0 0 1 1 1
 0 1 1 1 0 0 0 1 1 1 0 0 0 8 9 8 0 0 0 1 1 1 0 0 0 1 1 1 0 0 0 1 1 1 0
0 0 1 1 1 5 5 1 1 1 0 0 0 0 8 8 1 1 1 1 1 1 0 0 0 0 1 1 1 5 5 1 1 1 0
 0 0 1 1 5 6 5 1 1 0 0 0 0 0 1 1 1 1 1 1 1 0 0 0 0 0 1 1 5 6 5 1 1 0 0
0 0 1 1 1 5 5 1 1 1 0 0 0 0 8 8 1 1 1 1 1 1 0 0 0 0 1 1 1 5 5 1 1 1 0
 0 1 1 1 0 0 0 1 1 1 0 0 0 8 9 8 0 0 0 1 1 1 0 0 0 1 1 1 0 0 0 1 1 1 0
1 1 1 1 0 0 0 0 1 1 1 1 1 1 8 8 0 0 0 0 1 1 1 3 3 1 1 1 0 0 0 0 1 1 1
 1 1 1 0 0 0 0 0 1 1 1 1 1 1 1 0 0 0 0 0 1 1 3 4 3 1 1 0 0 0 0 0 1 1 1
1 1 1 1 0 0 0 0 3 3 1 1 1 1 1 1 0 0 0 0 1 1 1 3 3 1 1 1 0 0 0 0 1 1 1
 0 1 1 1 0 0 0 3 4 3 0 0 0 1 1 1 0 0 0 1 1 1 0 0 0 1 1 1 0 0 0 1 1 1 0
0 0 1 1 1 1 1 1 3 3 0 0 0 0 1 1 1 7 7 1 1 1 0 0 0 0 1 1 1 1 1 1 1 1 0
 0 0 1 1 1 1 1 1 1 0 0 0 0 0 1 1 7 8 7 1 1 0 0 0 0 0 1 1 1 1 1 1 1 0 0
0 0 2 2 1 1 1 1 1 1 0 0 0 0 1 1 1 7 7 1 1 1 0 0 0 0 2 2 1 1 1 1 2 2 0
 0 2 3 2 0 0 0 1 1 1 0 0 0 1 1 1 0 0 0 1 1 1 0 0 0 2 3 2 0 0 0 2 3 2 0
1 1 2 2 0 0 0 0 1 1 1 1 1 1 1 1 0 0 0 0 1 1 1 1 1 1 2 2 0 0 0 0 2 2 1
 1 1 1 0 0 0 0 0 1 1 1 1 1 1 1 0 0 0 0 0 1 1 1 1 1 1 1 0 0 0 0 0 1 1 1
1 1 1 1 0 0 0 0 1 1 1 1 1 1 1 1 0 0 0 0 6 6 1 1 1 1 1 1 0 0 0 0 1 1 1
 1 1 1 1 0 0 0 1 1 1 0 0 0 1 1 1 0 0 0 6 7 6 0 0 0 1 1 1 0 0 0 1 1 1 1
1 1 1 1 1 1 1 1 1 1 0 0 0 0 1 1 1 1 1 1 6 6 0 0 0 0 1 1 1 4 4 1 1 1 1
 1 1 1 1 1 1 1 1 1 0 0 0 0 0 1 1 1 1 1 1 1 0 0 0 0 0 1 1 4 5 4 1 1 1 1
1 1 1 1 1 1 1 1 1 1 0 0 0 0 1 1 1 1 1 1 1 1 0 0 0 0 1 1 1 4 4 1 1 1 1
0 0   0 34
1 7   1 15   1 19   1 27
5 1   5 9   5 13   5 21   5 25   5 33
9 3   9 7   9 15   9 19   9 27   9 31
13 1   13 9   13 13   13 21   13 25   13 33
17 3   17 7   17 15   17 19   17 27   17 31
21 1   21 9   21 13   21 21   21 25   21 33
25 3   25 7   25 15   25 19   25 27   25 31
29 1   29 9   29 13   29 21   29 25   29 33
33 7   33 15   33 19   33 27
34 0   34 34
-1 -1
53 51 151.95348837209303   53 47 57.789473684210527   53 45 238.28571428571433   53 41 112.88059701492536   53 29 195.47085201793723
52 48 79.578947368421055   52 44 153.49253731343285   52 42 52.714285714285715   52 36 135.82191780821918
51 46 60   51 39 125.14285714285712   51 34 165.42857142857142
50 49 60   50 45 252   50 43 125.14285714285712   50 40 294.85714285714283   50 33 266.57142857142856
49 46 278.57142857142861   49 44 60   49 37 125.14285714285712   49 32 125.14285714285712
48 43 60   48 38 125.14285714285712   48 31 181.71428571428572
47 41 108   47 34 153.42857142857142   47 29 153.42857142857142
46 45 60   46 40 108   46 38 294.85714285714283   46 35 153.42857142857142   46 28 153.42857142857142
45 41 165.42857142857142   45 39 60   45 32 306.85714285714295   45 27 125.14285714285712
44 43 60   44 38 60   44 36 125.14285714285712   44 33 306.85714285714295   44 26 323.14285714285711
43 39 294.85714285714283   43 37 60   43 30 125.14285714285712   43 25 193.71428571428569
42 36 108   42 31 210   42 24 153.42857142857142
41 40 60   41 35 60   41 33 181.71428571428572   41 23 125.14285714285712
40 34 60   40 27 193.71428571428569   40 22 125.14285714285712
39 38 288   39 33 60   39 31 294.85714285714289   39 28 193.71428571428569   39 21 125.14285714285712
38 34 351.42857142857144   38 32 60   38 25 125.14285714285712   38 20 533.14285714285711
37 36 60   37 31 144   37 26 379.71428571428567   37 19 181.71428571428569
36 32 193.71428571428569   36 30 60   36 18 125.14285714285712
35 29 60   35 22 250.28571428571431   35 17 125.14285714285714
34 33 144   34 28 60   34 26 181.71428571428569   34 23 250.28571428571431   34 16 125.14285714285714
33 29 294.85714285714283   33 27 60   33 20 323.14285714285705   33 15 125.14285714285714
32 31 60   32 26 324   32 24 238.28571428571428   32 21 323.14285714285711   32 14 533.14285714285711
31 27 335.14285714285717   31 25 60   31 18 250.28571428571431   31 13 181.71428571428575
30 24 60   30 19 250.28571428571431   30 12 125.14285714285714
29 28 216   29 23 60   29 21 294.85714285714283   29 11 153.42857142857142   29 1 189.16143497757849
28 22 60   28 15 193.71428571428575   28 10 153.42857142857142
27 26 60   27 21 60   27 19 335.14285714285705   27 16 193.71428571428575   27 9 125.14285714285712
26 22 181.71428571428567   26 20 324   26 13 379.71428571428572   26 8 323.14285714285722
25 24 216   25 19 60   25 14 125.14285714285714   25 7 193.71428571428569
24 20 238.28571428571428   24 18 60   24 6 153.42857142857142
23 17 60   23 10 153.42857142857142
22 21 144   22 16 60   22 14 351.42857142857144   22 11 153.42857142857142   22 5 165.42857142857142
21 17 181.71428571428575   21 15 60   21 8 306.85714285714283   21 4 266.57142857142861
20 19 60   20 14 60   20 12 193.71428571428575   20 9 306.85714285714283   20 3 125.14285714285715
19 15 294.85714285714289   19 13 144   19 6 210   19 2 181.71428571428569
18 12 60   18 7 125.14285714285712
17 16 60   17 11 108   17 9 165.42857142857142   17 1 122.0597014925373
16 10 108   16 4 294.85714285714283
15 14 288   15 9 60   15 7 294.85714285714289   15 5 125.14285714285712
14 10 294.85714285714289   14 8 60   14 2 125.14285714285712
13 12 60   13 7 60   13 3 125.14285714285712
12 8 125.14285714285712   12 6 108   12 0 135.82191780821918
11 1 57.789473684210527
10 9 60   10 5 60   10 3 278.57142857142861
9 4 252   9 1 238.28571428571428
8 7 60   8 3 60   8 0 153.49253731343285
7 4 125.14285714285714   7 2 60
6 0 52.71428571428573
5 1 165.13953488372096
4 3 60
2 0 79.578947368421055
