98 98
1 1 1 1 1 1 1 1 1 1 1 1 1 1 1 1 1 1 1 1 1 1 1 1 1 1 1 1 1 1 1 1 1 1 1 1 1 1 1 1 1 2 2 2 2 2 2 2 2 2 2 2 2 2 2 2 2 1 1 1 1 1 1 1 1 1 1 1 1 1 1 1 1 1 1 1 1 1 1 1 1 1 1 1 1 1 1 1 1 1 1 1 1 1 1 1 1 1
 1 1 1 1 1 1 1 1 1 1 1 1 1 1 1 1 1 1 1 1 1 1 1 1 1 1 1 1 1 1 1 1 1 1 1 1 1 1 1 1 2 2 2 2 2 2 2 2 2 2 2 2 2 2 2 2 2 2 2 1 1 1 1 1 1 1 1 1 1 1 1 1 1 1 1 1 1 1 1 1 1 1 1 1 1 1 1 1 1 1 1 1 1 1 1 1 1 1
1 1 1 1 1 1 1 1 1 1 1 1 1 1 1 1 1 1 1 1 1 1 1 1 1 1 1 1 1 1 1 1 1 1 1 1 1 1 1 1 1 1 1 1 2 2 1 2 2 2 2 2 2 2 2 2 2 2 2 2 2 2 2 2 1 1 1 1 1 1 1 1 1 1 1 1 1 1 1 1 1 1 1 1 1 1 1 1 1 1 1 1 1 1 1 1 1 1
 1 1 1 1 1 1 1 1 1 1 1 1 1 1 1 1 1 1 1 1 1 1 1 1 1 1 1 1 1 1 1 1 1 1 1 1 1 1 1 1 1 1 1 1 1 1 1 1 1 1 1 1 1 1 1 1 2 2 2 2 2 2 2 1 1 1 1 1 1 1 1 1 1 1 1 1 1 1 1 1 1 1 1 1 1 1 2 2 2 2 1 1 1 1 1 1 1 1
1 1 1 1 1 1 1 1 1 1 1 2 2 1 2 2 1 1 2 2 2 2 2 1 1 1 1 1 1 1 1 1 1 1 1 1 1 1 1 1 1 0 0 0 0 0 0 0 0 0 0 1 1 1 1 1 1 2 2 2 2 2 2 2 1 1 1 1 1 1 1 1 1 1 1 1 1 1 1 1 1 1 1 1 1 2 2 2 2 1 1 1 1 1 1 1 1 1
 1 1 1 1 1 1 1 1 1 2 2 2 2 2 2 2 2 2 2 2 2 2 2 2 1 1 1 1 1 1 1 1 1 1 1 1 1 1 1 0 0 0 0 0 0 0 0 0 0 0 0 0 0 1 1 1 1 1 1 1 1 2 2 2 2 1 1 1 1 1 1 1 1 1 1 1 1 1 1 2 2 2 2 2 2 2 1 1 1 1 1 1 1 1 1 1 1 1
1 1 1 1 1 1 1 1 1 2 2 2 2 2 2 2 2 2 2 2 2 2 2 2 2 2 2 2 2 2 2 1 1 1 1 1 1 1 0 0 0 0 0 0 0 0 0 0 0 0 0 0 0 0 0 0 1 1 1 1 2 2 2 2 2 1 1 1 1 1 1 1 1 1 1 1 1 1 1 2 2 2 1 1 1 1 1 1 1 1 1 0 0 1 1 1 1 1
 1 1 1 1 1 1 1 1 1 2 2 2 2 2 2 2 2 2 2 2 2 2 2 2 2 2 2 2 2 2 1 1 1 1 1 1 1 0 0 0 0 0 0 0 0 0 0 0 0 0 0 0 0 0 0 0 1 1 1 1 2 2 2 2 1 1 1 1 1 1 1 1 1 1 1 1 1 1 2 2 2 1 1 1 1 1 1 1 1 0 0 0 0 0 1 1 1 1
1 1 1 1 2 2 2 2 2 2 2 2 3 3 3 3 3 3 3 3 3 2 2 2 2 2 2 2 2 2 1 1 1 1 1 0 0 0 0 0 0 0 0 0 0 0 0 0 0 0 0 0 0 0 0 0 0 1 1 1 2 2 2 2 1 1 1 1 1 1 2 2 2 2 1 1 1 1 1 2 2 1 1 1 1 1 1 1 0 0 0 0 0 0 0 1 1 1
 1 1 1 1 2 2 1 2 2 2 2 3 3 3 3 3 3 3 3 3 3 3 2 2 2 2 2 2 2 2 2 1 1 1 1 0 0 0 0 0 0 0 0 0 0 0 0 0 0 0 0 0 0 0 0 0 0 1 1 1 2 2 2 2 2 1 1 1 2 2 2 2 2 2 2 1 1 1 2 2 1 1 1 1 1 1 1 0 0 0 0 0 0 0 0 0 1 1
1 1 1 2 2 2 2 2 2 2 3 3 3 3 3 3 3 3 3 3 3 3 3 3 3 2 2 2 2 2 2 1 1 1 1 0 0 0 0 0 0 0 0 0 0 0 0 0 0 0 0 0 1 0 0 0 1 1 1 1 2 2 2 2 2 1 1 2 2 2 3 4 4 4 3 3 3 2 2 2 2 1 1 1 1 1 0 0 0 0 0 0 0 0 0 0 1 1
 1 1 1 1 1 2 2 2 2 2 2 3 3 3 3 5 5 5 5 5 5 5 3 3 3 2 2 2 2 2 2 1 1 1 1 0 0 0 0 0 1 1 1 1 1 0 0 0 0 0 1 1 1 0 0 0 1 1 1 1 1 2 2 2 1 1 2 2 1 1 3 4 4 4 5 3 3 3 1 1 1 1 1 1 1 0 0 0 0 0 0 0 0 0 0 1 1 1
1 1 1 1 1 2 2 2 2 2 2 2 3 3 3 5 5 5 5 5 5 5 5 3 3 3 2 2 2 2 1 1 1 1 1 0 0 0 1 1 1 1 1 1 1 1 0 0 0 1 1 1 1 0 0 1 1 1 1 1 1 2 2 2 1 1 2 1 1 1 1 3 4 4 5 5 5 3 3 1 1 1 1 1 1 0 0 0 0 0 0 0 0 0 1 1 1 1
 1 1 1 1 1 2 2 2 2 2 2 2 3 3 3 5 5 5 5 5 5 5 3 3 3 2 2 2 2 2 2 2 2 1 1 1 1 1 1 1 1 1 1 1 1 1 1 1 1 1 1 1 1 0 0 1 1 1 1 1 2 2 2 1 1 1 1 1 1 1 1 3 3 5 5 5 5 5 3 1 1 1 1 0 0 0 0 0 0 0 0 0 0 1 1 1 1 1
1 1 1 1 1 1 1 2 2 2 2 2 3 3 3 3 3 3 3 3 3 3 3 3 3 3 2 2 2 2 2 2 2 1 1 1 1 1 1 1 1 1 1 1 1 1 1 1 1 1 1 1 1 0 0 1 1 1 1 2 2 1 2 1 1 1 1 1 1 1 1 1 3 3 3 5 5 5 5 3 1 1 1 0 0 0 0 0 0 0 0 0 1 1 1 1 1 1
 1 1 1 1 1 1 2 2 2 2 3 3 3 3 3 3 3 3 3 3 3 3 3 2 3 2 2 2 2 2 2 2 1 1 1 1 1 1 1 1 1 1 1 1 1 1 1 1 1 1 1 0 0 0 1 1 1 1 1 2 2 1 1 1 1 1 1 1 1 1 1 1 1 3 3 3 5 5 5 3 0 0 0 0 0 0 0 0 0 0 0 1 1 1 1 1 1 1
1 1 1 1 1 2 2 2 2 2 2 2 2 3 3 3 3 3 2 2 2 3 3 2 2 2 2 2 2 2 2 1 1 1 1 1 1 1 1 1 1 1 1 1 1 1 1 1 1 1 0 0 0 0 1 1 1 1 1 2 2 1 1 1 1 1 1 1 1 1 1 1 1 1 1 3 3 5 5 3 0 0 0 0 0 0 0 0 0 0 0 1 1 1 1 1 1 1
 1 1 1 1 2 2 2 2 2 2 2 2 2 3 3 3 2 2 2 2 2 2 2 2 2 2 2 2 2 2 1 1 1 1 1 1 1 1 1 1 1 1 1 1 1 1 1 1 1 0 0 0 0 1 1 1 1 1 1 2 2 1 1 1 1 1 1 1 1 1 1 1 1 1 1 1 3 3 3 0 0 0 0 0 0 0 0 0 0 0 1 1 1 1 1 1 1 1
1 1 1 2 2 2 2 2 2 1 2 2 2 2 2 2 2 2 2 2 2 2 2 2 2 2 2 2 2 2 2 1 1 1 1 1 1 1 1 1 1 1 1 1 1 1 1 1 1 0 0 0 1 1 1 1 1 1 1 2 2 2 1 1 1 1 1 1 1 1 1 1 1 1 1 1 1 0 0 0 0 0 0 0 0 0 0 0 0 1 1 1 1 1 1 1 1 1
 1 1 1 1 2 2 2 2 1 1 2 2 2 2 2 2 2 2 2 2 2 2 2 2 2 2 1 2 2 2 2 1 1 1 1 1 1 1 1 1 1 1 1 1 1 1 1 1 1 1 1 1 1 1 1 1 1 1 2 2 2 2 2 1 1 1 1 1 1 1 1 1 1 1 1 1 0 0 0 0 0 0 0 0 0 0 0 0 1 1 1 1 1 1 1 1 1 1
1 1 1 1 1 2 1 1 2 1 1 2 2 2 2 2 2 2 2 1 2 2 2 2 2 2 1 1 2 2 2 1 1 1 1 1 1 1 1 1 1 2 1 1 1 1 1 1 1 1 1 1 1 1 1 1 1 1 2 2 2 2 1 1 1 1 1 1 1 1 1 1 1 1 1 1 0 0 0 0 0 0 0 0 0 0 1 1 1 1 1 1 1 1 1 1 1 1
 1 1 1 1 1 1 1 1 1 1 1 2 1 2 1 1 1 1 1 1 1 1 2 2 2 1 1 1 1 1 1 1 1 1 1 1 1 1 1 2 2 2 1 1 1 1 1 1 1 1 1 1 1 1 1 1 1 2 2 2 2 1 1 1 1 1 1 1 1 1 1 1 1 1 1 0 0 0 0 0 0 0 0 1 1 1 1 1 1 1 1 1 1 1 1 1 1 1
1 1 1 1 1 1 1 1 1 1 1 1 1 1 1 1 1 1 1 1 1 1 1 1 1 1 1 1 1 1 1 1 1 1 1 1 1 1 1 2 2 2 2 2 2 1 1 1 1 1 1 1 1 1 1 1 2 2 2 2 1 1 1 1 1 1 1 1 1 1 1 1 1 1 1 0 0 0 0 0 1 1 1 1 1 1 1 1 1 1 1 1 1 2 2 1 1 1
 1 1 1 1 1 1 1 1 1 1 1 1 1 1 1 1 1 1 1 1 1 1 1 1 1 1 1 1 1 1 1 1 1 1 1 1 1 1 1 2 2 2 2 2 1 1 1 1 1 1 1 1 1 1 1 1 1 1 1 1 1 1 1 1 1 1 1 1 1 1 1 1 1 1 1 0 0 0 1 1 1 1 1 1 1 1 1 1 1 1 1 1 1 2 2 1 1 1
1 1 1 1 1 1 1 1 1 1 1 1 1 1 1 0 0 0 1 1 1 1 1 1 1 1 1 1 1 1 1 1 1 1 1 1 1 1 2 2 2 2 1 1 1 1 1 1 1 1 1 1 1 1 1 1 1 1 1 1 1 1 1 1 1 1 1 1 3 1 1 1 1 1 1 0 0 0 1 1 1 1 1 1 1 1 1 1 1 1 2 2 2 2 2 1 1 1
 1 1 1 1 1 1 1 1 1 1 1 1 1 0 0 0 0 0 1 1 1 1 1 1 1 1 1 1 1 1 1 1 1 2 2 1 1 2 2 2 2 2 2 1 1 1 1 0 0 1 1 1 1 1 1 1 1 1 1 1 1 1 1 1 1 1 1 1 1 3 3 2 1 1 1 1 1 1 1 1 1 1 1 1 1 1 1 1 1 1 2 2 2 2 2 1 1 1
1 1 1 1 1 1 1 1 1 1 1 1 1 0 0 0 0 1 1 1 1 1 1 1 1 1 1 1 1 1 1 1 1 2 2 2 2 2 2 2 2 2 2 1 1 1 1 0 0 0 1 1 1 1 1 1 1 1 1 1 1 1 1 1 1 1 1 3 3 3 3 3 1 1 1 1 1 1 1 1 1 1 1 1 1 1 1 1 1 2 2 2 2 1 1 1 1 1
 1 1 1 1 1 1 1 1 1 1 1 1 0 0 0 0 0 1 1 1 1 1 1 1 1 1 1 1 1 1 1 1 1 2 2 2 2 2 2 1 2 1 1 1 1 1 0 0 0 0 0 1 1 1 1 1 1 1 1 1 1 1 1 1 3 3 3 3 3 3 3 3 1 3 1 1 1 1 1 1 1 1 1 1 1 1 1 2 1 2 2 2 1 1 1 1 1 1
1 1 1 1 1 1 1 1 1 1 1 0 0 0 0 0 1 1 1 1 1 1 1 1 1 1 1 1 1 1 1 1 1 2 2 1 2 2 2 2 1 1 1 1 1 1 0 0 0 0 0 1 1 1 1 1 1 1 1 1 1 1 1 1 1 3 3 3 3 3 3 3 3 3 3 1 1 1 1 1 1 1 1 1 1 1 2 2 2 2 2 1 1 1 1 1 1 1
 1 1 1 1 1 1 1 1 1 1 0 0 0 0 0 1 1 1 1 1 1 1 1 1 1 1 1 1 1 1 1 1 1 2 2 2 2 2 2 1 1 1 1 1 1 0 0 0 0 0 0 1 1 1 1 1 1 1 1 1 1 1 1 1 2 3 3 3 3 3 3 3 3 3 3 1 1 1 1 1 1 1 1 1 1 1 2 2 2 2 2 1 1 1 1 1 1 1
1 1 1 1 1 1 1 1 1 1 1 1 1 1 1 1 1 1 1 1 1 1 1 1 1 1 1 1 1 1 1 1 1 2 2 2 1 1 1 1 1 1 1 1 1 0 0 0 0 1 1 1 0 0 1 1 1 1 1 1 1 1 1 1 2 3 3 3 3 3 3 3 3 3 1 1 1 1 1 1 1 1 1 1 1 1 2 2 2 1 1 1 1 1 1 1 1 1
 1 1 1 1 1 1 1 1 1 1 1 1 1 1 1 1 1 1 1 1 1 1 1 1 1 2 2 1 1 1 1 1 1 2 2 1 1 1 1 1 1 1 1 1 0 0 0 0 0 1 1 1 0 0 1 1 1 1 1 1 1 1 1 3 3 3 3 3 3 3 3 3 3 2 1 2 2 1 3 1 1 1 1 1 1 1 1 1 1 1 1 1 1 1 1 1 1 1
1 1 1 1 1 1 1 1 1 1 1 1 1 1 1 1 1 1 1 1 1 1 1 1 1 2 2 2 1 1 1 1 1 1 1 1 1 1 1 1 1 1 1 1 0 0 0 0 0 0 1 0 0 0 1 1 1 1 1 1 1 1 3 3 3 3 3 3 3 3 3 3 3 2 2 2 2 3 3 3 1 1 1 1 1 1 1 1 1 1 1 1 1 1 1 1 1 1
 1 1 1 1 1 1 1 1 1 2 2 1 1 1 1 1 1 1 1 1 1 1 1 2 2 2 2 2 2 1 1 1 1 1 1 1 1 1 1 1 1 1 1 0 0 0 0 0 1 1 1 0 0 0 1 1 1 1 1 1 1 3 3 3 3 3 3 3 3 3 3 3 3 2 3 3 3 3 3 3 3 1 1 1 1 1 1 1 1 1 1 1 1 1 1 1 1 1
1 1 1 1 1 1 1 1 1 1 1 1 1 1 0 0 1 1 1 1 1 1 1 1 1 2 2 2 2 2 2 1 1 1 1 1 1 1 1 1 1 1 1 0 0 0 1 1 1 1 0 0 0 0 1 1 1 1 1 1 1 3 3 3 3 3 3 3 3 3 3 3 3 3 3 3 3 3 3 3 3 1 1 1 1 1 1 1 1 1 1 1 1 1 1 2 1 1
 1 1 1 1 1 1 1 1 1 2 2 2 1 0 0 0 0 1 1 1 1 1 1 1 2 2 2 2 2 2 1 1 1 1 1 1 1 1 1 1 1 0 0 0 0 0 1 1 1 1 0 0 0 0 1 1 1 1 1 1 1 3 3 3 3 3 3 3 3 3 3 3 3 3 3 3 3 3 3 3 3 1 1 1 1 1 1 1 1 1 1 1 1 1 2 2 2 1
1 1 1 1 1 2 1 1 2 2 2 1 1 0 0 0 0 1 1 1 1 1 1 1 2 2 2 1 1 1 1 1 1 1 1 1 1 1 1 0 0 0 0 0 0 1 1 1 1 0 0 0 0 0 1 1 1 1 1 1 1 2 3 3 3 3 3 3 3 3 3 3 3 3 3 3 3 3 3 3 1 1 1 1 1 1 1 1 1 1 1 1 2 2 2 2 2 1
 1 1 1 1 2 2 2 2 2 2 1 1 0 0 0 0 0 1 1 1 1 1 1 1 2 2 2 1 1 1 1 1 1 1 1 1 1 1 0 0 0 0 0 0 1 1 1 1 1 0 0 0 0 0 1 1 1 1 1 1 1 3 3 3 3 4 4 4 4 3 3 3 3 3 3 3 3 3 3 3 1 1 1 1 1 1 1 1 1 1 1 1 2 2 2 2 2 2
1 1 1 1 2 2 2 2 2 1 1 1 0 0 0 0 0 0 1 1 1 1 1 1 2 1 1 1 1 1 1 1 1 1 1 1 1 1 0 0 0 0 0 0 1 1 1 1 1 0 0 0 0 0 1 1 1 1 3 3 3 3 3 4 4 4 6 6 6 4 3 3 3 3 3 3 3 3 3 3 1 1 1 1 1 1 1 1 1 2 1 2 2 2 2 1 2 2
 1 1 1 1 2 2 2 2 1 1 1 1 0 0 0 0 0 0 1 1 1 1 1 1 1 1 1 1 1 1 1 1 1 1 1 1 1 0 0 0 0 0 0 0 0 0 1 0 0 0 0 0 0 0 1 1 1 1 3 3 3 3 4 4 6 6 6 7 6 4 4 3 3 3 3 3 3 3 3 3 1 1 1 1 1 1 1 1 1 2 2 1 1 1 1 1 1 1
1 1 1 1 2 2 2 2 1 1 1 0 0 0 0 0 0 0 1 1 1 1 1 1 1 1 1 1 1 1 1 1 1 1 1 1 1 0 0 0 0 0 0 0 0 0 0 0 0 0 0 0 0 0 1 1 1 1 1 3 3 3 4 6 6 6 7 7 6 6 6 4 3 3 3 3 3 1 1 1 1 1 1 1 1 2 2 2 2 2 2 1 1 1 1 1 1 1
 1 2 2 2 2 2 2 2 1 1 0 0 0 0 0 0 0 0 1 1 1 1 1 1 1 1 1 1 0 0 0 0 1 1 1 0 0 0 0 0 0 0 0 0 0 0 0 0 0 0 0 0 0 0 1 1 1 1 3 3 3 4 6 7 7 7 7 7 6 6 6 4 3 3 3 3 3 3 3 1 1 1 1 1 1 1 2 2 2 1 1 1 1 1 1 1 1 1
1 2 2 2 2 2 2 1 1 1 0 0 0 0 0 0 0 0 1 1 1 1 1 1 1 1 1 0 0 0 0 0 0 0 0 0 0 0 0 0 0 0 0 0 0 0 0 0 0 0 0 0 1 1 1 1 1 3 3 3 3 4 6 7 7 7 7 7 7 7 7 6 4 3 3 3 3 3 3 3 1 1 1 2 2 2 2 2 1 1 1 1 1 1 1 1 0 0
 2 2 2 2 2 1 1 1 1 1 0 0 0 0 0 0 0 0 1 1 1 1 1 1 1 1 0 0 0 0 0 0 0 0 0 0 0 0 0 0 0 0 0 0 0 0 0 0 0 0 0 1 1 1 1 3 3 3 3 3 4 6 7 7 7 7 7 7 7 7 6 4 3 3 3 3 3 3 1 1 1 1 2 2 2 1 2 1 1 1 1 1 1 1 0 0 0 0
1 2 2 1 1 1 1 1 1 1 0 0 0 0 0 0 0 0 1 1 1 1 1 1 1 1 0 0 0 0 0 0 0 0 0 0 0 0 0 0 0 0 0 0 0 0 0 0 0 0 0 1 1 1 1 1 3 3 3 2 4 4 6 7 7 7 7 7 7 6 6 6 4 3 3 3 3 1 1 1 1 1 2 2 1 1 1 1 1 0 0 0 0 0 0 0 0 0
 1 1 2 1 1 1 1 1 1 0 0 0 0 0 0 0 0 0 1 1 1 1 1 1 1 0 0 0 0 0 0 0 0 0 0 0 0 0 0 0 0 0 0 0 0 0 0 0 0 0 1 1 1 1 1 1 3 3 3 3 4 6 6 7 7 4 4 4 7 6 6 4 3 3 3 3 3 3 1 1 1 1 1 1 1 1 1 1 0 0 0 0 0 0 0 0 0 0
1 1 1 1 1 1 1 1 0 0 0 0 0 0 0 0 0 1 1 1 1 1 1 1 1 1 0 0 0 0 0 0 0 0 0 0 0 0 0 0 0 0 0 0 0 0 0 0 0 1 1 1 1 1 1 1 3 3 3 3 4 6 7 7 7 4 4 4 4 7 6 6 4 3 3 3 3 3 1 1 1 1 1 1 1 1 1 0 0 0 0 0 0 0 0 0 0 0
 1 1 1 1 1 1 1 1 0 0 0 0 0 0 0 0 0 1 1 1 1 1 2 1 1 1 0 0 0 0 0 0 0 0 0 0 0 0 0 0 0 0 0 0 0 0 0 0 1 1 1 1 1 1 1 1 3 3 3 3 4 6 7 7 4 4 4 4 4 7 6 4 3 2 2 1 1 1 1 1 1 1 1 1 1 0 0 0 0 0 0 0 0 0 0 0 0 0
1 1 1 1 1 1 1 0 0 0 0 0 0 0 0 0 1 1 1 1 1 1 2 1 1 1 1 0 0 0 0 0 0 0 0 0 0 0 0 0 0 0 0 0 0 0 0 0 1 1 1 1 1 1 1 1 3 3 3 3 4 6 7 7 7 4 4 4 4 7 6 4 3 2 2 1 1 1 0 0 0 0 0 0 0 0 0 0 0 0 0 0 0 0 0 0 0 0
 1 1 1 0 0 0 0 0 0 0 0 0 0 0 0 0 1 1 1 1 1 1 1 1 1 1 1 0 0 0 0 0 0 0 0 0 0 0 0 0 0 0 0 0 0 0 0 0 1 1 1 1 1 1 1 3 3 3 3 3 4 6 7 7 7 6 7 7 7 6 6 4 3 3 2 1 1 0 0 0 0 0 0 0 0 0 0 0 0 0 0 0 0 0 0 0 0 0
1 1 0 0 0 0 0 1 0 0 0 0 0 0 0 0 1 1 1 1 1 1 1 1 1 1 1 0 0 0 0 0 0 0 0 0 0 0 0 0 0 0 1 1 0 0 0 0 1 1 1 1 1 1 3 3 3 3 3 3 4 6 7 7 6 6 7 7 7 6 6 4 3 3 1 0 0 0 0 0 0 0 0 0 0 0 0 0 0 0 0 0 0 0 0 0 0 0
 1 0 0 0 0 1 1 1 0 0 0 0 0 0 0 1 1 2 2 2 2 1 1 1 1 1 0 0 0 0 0 0 0 0 0 0 0 0 0 0 0 1 1 0 0 0 0 1 1 1 1 1 1 1 3 3 3 3 3 3 4 6 6 6 6 7 7 7 7 7 6 4 3 3 3 0 0 0 0 0 0 0 0 0 0 0 0 0 0 0 0 0 0 0 0 0 0 0
1 0 0 0 0 1 1 1 0 0 0 0 0 0 0 1 1 2 2 1 1 1 1 1 1 1 0 0 0 0 0 0 0 0 0 0 0 0 0 0 0 1 1 0 0 0 1 1 1 1 1 1 1 1 3 3 3 3 3 3 3 4 4 6 6 7 7 6 7 6 6 4 3 3 3 0 0 0 0 0 1 1 1 0 0 0 0 0 0 0 0 0 0 0 0 0 0 0
 0 0 0 1 1 1 1 1 0 0 0 0 0 0 1 1 1 2 2 2 1 1 1 1 1 1 0 0 0 0 0 0 0 0 0 0 0 0 0 0 1 1 1 0 0 1 1 1 1 1 1 1 1 3 3 3 3 3 3 3 3 3 4 4 6 6 6 6 7 6 4 3 3 3 1 1 1 1 1 1 1 1 1 1 1 0 0 0 1 1 1 1 1 1 1 1 1 1
0 0 0 1 1 1 1 0 0 0 0 0 0 1 1 1 1 1 1 1 1 1 1 1 1 1 0 0 0 0 0 0 0 0 0 0 0 0 0 1 1 1 1 1 1 1 1 1 1 1 1 1 1 3 3 3 3 3 3 3 3 3 3 3 4 4 4 6 6 6 4 3 3 3 3 1 1 1 1 1 1 1 1 1 1 0 0 0 1 1 1 1 1 1 1 1 1 1
 1 1 1 1 1 0 0 0 0 0 0 0 1 1 1 1 1 2 2 1 2 1 1 1 1 0 0 0 0 0 0 0 0 0 0 0 1 1 1 1 1 1 1 1 1 1 1 1 2 2 2 2 3 3 3 3 3 3 3 3 3 3 3 3 3 3 4 4 4 4 3 3 3 3 3 1 1 1 1 1 1 1 1 1 1 1 1 1 1 1 1 1 1 1 1 1 1 1
1 1 1 1 1 0 0 0 0 0 1 1 1 1 1 2 1 2 2 2 2 1 1 1 1 0 0 0 0 0 0 0 0 0 1 1 1 1 1 1 1 1 1 1 1 1 2 2 2 2 2 1 3 3 3 1 2 3 3 3 3 3 3 3 3 3 3 3 3 3 3 3 3 3 1 1 1 1 1 1 1 1 1 1 1 1 1 1 1 1 1 1 1 1 1 1 1 1
 1 1 1 1 1 0 0 0 0 0 1 1 1 1 1 2 2 2 2 2 2 1 1 1 0 0 0 0 0 0 0 0 0 0 1 1 1 1 1 1 1 1 1 1 1 2 2 2 2 2 2 1 1 1 1 1 1 3 3 3 3 3 3 3 3 3 3 3 3 3 3 3 3 1 1 1 1 1 1 1 1 1 1 1 1 1 1 1 1 1 1 1 1 1 1 1 1 1
1 1 1 1 1 1 1 1 1 1 1 1 1 1 1 2 2 2 2 2 2 1 1 1 0 0 0 0 0 0 0 0 0 0 1 1 1 1 1 1 1 1 1 1 2 2 2 2 2 2 2 2 1 1 1 1 3 3 3 3 3 3 3 3 3 3 3 3 3 3 3 3 1 1 1 1 1 1 1 1 1 1 1 1 1 1 1 1 1 1 1 1 1 1 1 1 1 1
 1 1 1 2 1 1 1 1 1 1 1 1 1 1 2 2 2 2 2 2 1 1 1 1 0 0 0 0 0 0 0 0 1 1 1 1 1 1 1 1 1 1 2 2 2 2 2 2 1 1 1 1 1 1 1 3 3 3 3 3 3 3 3 3 3 3 3 3 3 3 3 1 1 1 1 1 1 1 1 1 1 1 1 1 1 1 1 1 1 1 1 1 1 1 1 1 1 1
2 2 2 2 2 2 1 1 1 2 1 1 2 2 2 2 2 2 1 1 1 1 1 1 0 0 0 0 0 0 0 0 1 1 1 1 1 1 1 1 2 2 2 2 2 1 1 1 1 1 1 1 1 1 1 3 3 3 3 3 3 3 3 3 3 3 3 3 3 3 1 1 1 1 1 1 1 1 1 1 1 1 1 1 1 1 1 1 1 1 1 1 1 1 1 1 1 1
 2 2 2 2 2 1 1 1 2 2 2 1 2 2 2 2 2 2 1 1 1 1 1 1 0 0 0 0 1 1 1 1 1 1 1 1 2 2 2 2 2 2 2 2 2 1 1 1 1 0 0 0 1 1 1 1 3 3 3 3 3 3 3 3 3 3 3 3 3 3 3 1 1 1 1 1 1 1 1 1 1 1 1 1 1 1 1 1 1 1 1 1 1 1 1 1 1 1
2 2 2 2 2 2 2 1 2 2 2 2 2 2 2 2 2 1 1 1 1 1 1 1 0 0 0 1 1 1 1 1 2 1 1 2 2 2 2 2 2 2 2 2 2 1 1 1 1 1 0 0 0 1 1 1 3 3 3 3 3 3 3 3 3 3 3 3 3 3 3 3 1 1 1 1 0 0 1 1 1 1 1 1 1 1 1 1 1 1 1 1 1 1 1 1 1 1
 2 1 2 2 1 2 2 2 2 2 2 2 2 2 2 1 1 1 1 1 1 1 1 1 1 1 1 1 1 1 1 2 2 2 2 2 2 2 2 2 2 1 2 2 1 1 1 1 1 0 0 1 1 1 1 3 3 3 3 3 3 3 3 3 3 3 3 3 3 3 3 1 1 1 1 0 0 0 0 0 0 0 0 1 1 1 1 1 1 1 1 1 1 1 1 1 1 1
1 1 2 2 2 2 2 2 2 1 2 2 2 2 1 1 1 1 1 1 1 1 1 1 1 1 1 1 1 1 1 2 2 2 2 2 2 2 1 1 1 1 1 1 1 1 1 1 1 1 0 0 1 1 1 1 3 3 3 3 3 5 5 5 5 3 3 3 3 3 3 1 1 1 1 0 0 0 0 0 0 0 0 1 1 1 1 1 1 1 1 1 1 1 1 1 1 1
 1 1 1 2 2 1 1 1 1 1 1 2 2 2 1 1 1 1 1 1 1 1 1 1 1 1 2 1 1 2 2 1 2 2 2 2 2 1 1 1 1 1 1 1 1 1 1 1 1 1 1 1 1 1 1 1 1 3 3 3 5 7 7 5 5 5 3 3 3 3 1 1 1 1 1 0 0 1 1 1 1 1 1 1 1 1 1 1 1 1 1 1 1 1 1 1 1 1
1 1 1 1 1 1 1 1 1 1 1 1 1 2 1 1 1 1 1 1 1 1 1 1 1 1 2 2 2 2 2 2 1 1 1 1 1 1 1 1 1 1 1 1 1 1 1 1 1 1 1 1 1 1 1 1 1 1 1 1 5 7 9 7 7 5 5 3 1 1 1 1 1 1 1 1 1 1 1 1 1 1 1 1 1 1 1 1 1 1 1 1 1 1 1 1 1 1
 1 1 1 1 1 1 1 1 1 1 1 1 1 1 1 1 1 1 1 1 1 1 1 2 1 1 2 2 2 2 2 1 1 1 1 1 1 1 1 1 1 1 1 1 1 1 1 1 1 1 1 1 1 1 1 1 1 1 1 5 7 9 9 9 7 5 1 1 1 1 1 1 1 1 1 1 1 1 1 1 1 1 1 1 1 1 1 1 1 1 1 1 1 1 1 1 1 1
1 1 1 1 1 1 1 1 1 1 1 1 1 1 1 1 1 1 1 1 1 1 1 1 1 1 2 2 1 1 1 1 1 1 1 1 1 1 1 1 1 1 1 1 1 1 1 1 1 1 1 1 1 1 1 1 1 1 1 1 5 7 7 7 7 5 5 1 1 1 1 1 1 1 1 1 1 1 1 1 1 1 1 1 1 1 1 1 1 1 1 1 1 1 1 1 1 1
 1 1 1 1 1 1 1 1 1 1 1 1 1 1 1 1 1 1 1 1 1 1 1 1 1 1 1 1 1 1 1 1 1 1 1 1 1 1 1 1 1 1 1 1 1 1 2 1 1 1 1 1 1 1 1 1 1 1 1 5 5 6 6 6 5 5 1 1 1 1 1 1 1 1 1 1 1 1 1 1 1 1 1 1 1 1 1 1 1 1 1 1 1 1 1 1 1 1
1 1 1 1 1 1 1 1 1 1 1 1 1 1 1 1 1 1 1 1 1 1 1 1 1 1 1 1 1 1 1 1 1 1 1 1 1 1 1 1 1 1 2 2 2 2 2 2 2 0 0 1 1 1 1 1 1 1 1 1 1 4 4 4 4 1 1 1 1 1 1 1 1 1 1 1 1 1 1 1 1 1 1 1 1 1 1 1 1 1 1 1 1 1 1 1 1 1
 1 1 1 1 1 1 1 1 1 1 1 1 1 1 1 1 1 1 1 1 1 1 1 1 1 1 1 1 1 1 1 1 1 1 1 1 1 1 2 2 2 2 2 2 2 2 2 2 0 0 0 1 1 1 1 1 1 1 1 1 1 1 1 1 1 1 1 1 1 1 1 1 1 1 1 1 1 1 1 1 1 1 1 1 1 1 1 1 1 1 1 1 1 1 1 1 1 1
1 1 1 1 1 1 1 1 1 1 1 1 1 1 1 1 1 1 1 1 1 1 1 1 1 1 1 1 1 1 1 1 1 1 2 2 2 2 2 2 2 2 2 2 2 2 2 2 0 0 0 1 1 1 1 1 1 1 1 1 1 1 1 1 1 1 1 1 1 1 1 1 1 1 1 1 1 1 1 1 1 1 1 1 1 1 1 1 1 1 1 1 1 1 1 1 1 1
 1 1 1 1 1 1 1 1 1 1 1 1 1 1 1 1 1 1 1 1 1 1 1 1 1 1 1 1 1 1 1 2 2 2 2 2 2 2 2 2 2 2 2 1 1 1 2 2 0 0 0 1 1 1 1 1 1 1 1 1 1 1 1 1 1 1 1 1 1 1 1 1 1 2 1 1 1 1 1 0 0 1 1 1 1 1 1 1 1 1 1 1 1 1 1 1 1 1
1 1 1 1 1 1 1 1 1 1 1 1 1 1 1 1 1 1 1 1 1 1 1 2 2 2 1 1 1 2 2 2 2 2 2 2 2 2 2 2 1 2 1 1 1 1 1 1 0 0 0 1 1 1 1 1 1 1 1 1 1 1 1 1 1 1 1 1 1 1 2 1 2 2 1 1 1 1 0 0 0 0 0 1 1 1 1 1 1 2 1 1 1 1 1 1 1 1
 1 1 1 1 1 1 1 1 1 1 1 1 1 1 1 1 1 1 1 1 2 2 2 2 2 2 2 2 1 2 2 2 2 2 2 2 2 2 2 2 2 2 2 2 1 1 1 0 0 0 1 1 1 1 1 1 1 1 1 1 1 1 1 1 1 1 1 1 2 2 2 2 2 1 1 1 1 1 0 0 0 0 0 1 1 1 1 2 2 2 1 1 1 1 1 1 1 1
1 1 1 1 1 1 1 1 1 1 1 1 1 1 1 1 1 1 1 1 2 2 2 2 2 2 2 1 2 2 2 2 2 2 2 1 1 1 2 2 2 2 1 1 1 1 1 0 0 0 1 1 1 1 1 1 1 1 1 1 1 1 1 1 1 1 1 1 2 2 2 2 2 1 1 1 0 0 0 0 0 0 1 1 1 1 1 2 2 2 2 2 1 1 1 1 1 1
 0 0 0 0 1 1 1 1 1 1 1 1 1 1 1 1 1 1 1 1 1 1 2 2 1 2 2 1 2 2 2 2 2 1 1 1 1 1 2 2 2 2 1 1 1 1 0 0 0 0 1 1 2 2 1 1 1 1 1 1 1 1 1 1 1 1 1 1 2 2 2 1 2 1 1 0 0 0 0 0 0 0 1 1 1 1 1 2 2 2 2 1 1 1 1 1 1 1
0 0 0 0 0 0 1 1 1 1 1 1 1 1 1 1 1 2 2 2 2 1 1 1 1 1 1 1 2 2 2 2 2 2 1 1 1 1 1 1 1 1 1 1 1 0 0 0 0 0 1 1 1 1 2 2 2 1 1 1 1 1 1 1 1 1 2 2 2 2 2 1 1 1 1 0 0 0 0 0 0 0 1 1 1 1 2 2 2 2 1 1 1 1 1 1 1 1
 0 0 0 0 0 0 0 1 1 1 1 1 1 1 1 1 2 2 1 2 2 1 1 1 1 1 1 1 2 1 1 1 2 1 1 1 1 1 1 1 1 1 1 1 1 0 0 0 0 0 1 1 1 2 2 2 1 1 1 1 1 1 2 2 2 2 2 2 2 1 1 1 1 1 1 0 0 0 0 0 0 0 1 1 1 1 2 2 2 2 2 1 1 1 1 1 1 1
0 0 0 0 0 0 0 0 1 1 1 1 1 1 1 1 2 2 1 1 1 1 1 0 0 0 0 0 0 0 1 1 1 1 1 0 0 0 1 1 1 1 1 1 0 0 0 0 0 1 1 1 1 1 1 1 1 1 1 1 1 2 2 2 2 2 1 1 1 1 1 1 1 1 0 0 0 0 0 0 0 0 1 1 1 1 2 2 2 2 2 1 1 1 1 1 1 1
 0 0 0 0 0 0 0 0 0 1 1 1 1 1 1 1 2 1 1 1 1 1 0 0 0 0 0 0 0 0 0 1 1 1 1 0 0 0 0 0 1 1 1 0 0 0 0 0 0 1 1 1 1 1 1 1 1 1 1 1 2 2 2 2 1 1 1 1 1 1 1 0 0 0 0 0 0 0 0 0 0 0 1 1 1 1 1 1 2 2 1 1 1 1 1 1 1 1
0 0 0 0 0 0 0 0 0 1 1 1 1 1 1 1 2 2 2 2 0 0 0 0 0 0 0 0 0 0 0 0 0 0 0 0 0 0 0 0 0 0 0 0 0 0 0 0 1 1 1 1 1 1 2 2 1 1 1 1 1 2 2 1 1 1 1 1 1 0 0 0 0 0 0 0 0 0 0 0 0 0 1 1 1 1 1 1 2 2 1 1 1 1 1 1 1 1
 0 0 0 0 0 0 0 0 0 0 1 1 1 1 1 1 2 2 2 1 0 0 0 0 0 0 0 0 0 0 0 0 0 0 0 0 0 0 0 0 0 0 0 0 0 0 0 1 1 1 1 1 2 2 2 2 1 1 1 1 2 2 2 1 1 1 1 1 0 0 0 0 0 0 0 0 0 0 0 0 0 1 1 1 1 1 1 1 2 2 1 1 1 1 1 1 1 1
0 0 0 0 0 0 0 0 0 0 1 1 1 1 1 1 2 2 2 1 1 1 0 0 0 0 0 1 1 1 0 0 0 0 0 0 0 0 0 0 0 0 0 0 0 0 1 1 1 1 1 2 2 2 2 1 1 1 1 1 2 2 2 1 1 1 0 0 0 0 0 0 0 0 0 0 0 0 0 1 1 1 1 1 1 1 1 1 1 2 1 1 1 1 1 1 1 1
 0 0 0 0 0 0 0 0 0 0 1 1 1 1 1 1 2 1 2 2 1 1 1 1 1 1 1 1 1 1 1 0 0 0 0 0 0 0 0 0 0 0 0 0 1 1 1 1 1 1 1 2 2 2 2 1 1 1 1 2 2 2 1 1 1 0 0 0 0 0 0 0 0 0 0 0 0 0 1 1 1 1 1 1 1 2 1 1 1 1 1 1 1 1 1 1 1 1
0 0 0 0 0 0 0 0 0 0 1 1 1 1 1 1 1 1 2 2 1 1 1 1 1 1 1 1 1 1 1 1 1 1 1 1 0 0 0 0 0 0 0 1 1 1 1 1 1 1 1 2 2 2 2 1 1 1 1 2 2 1 1 1 0 0 0 0 0 0 0 0 0 0 0 0 0 0 0 1 1 1 1 1 1 2 2 1 1 1 1 1 1 1 1 1 1 1
 0 0 0 0 0 0 0 0 0 1 1 1 1 1 1 1 1 1 2 2 2 1 1 1 1 1 1 1 1 1 1 1 1 1 1 1 1 1 0 0 0 0 1 1 1 1 1 1 1 1 2 2 2 2 1 1 2 2 1 1 1 1 1 0 0 0 0 0 0 0 0 0 0 0 0 0 0 1 1 1 1 1 1 1 1 2 2 1 1 1 1 1 1 1 1 1 1 2
0 0 0 0 0 0 1 1 1 1 1 1 1 1 1 1 1 1 2 2 1 1 1 1 1 1 1 1 1 1 1 1 1 1 1 1 1 1 1 1 1 1 1 1 1 1 2 1 1 2 2 2 2 2 1 1 1 1 1 1 1 1 1 0 0 0 0 0 0 0 0 0 0 0 0 0 1 1 1 1 1 1 2 1 1 2 2 1 1 1 1 1 1 1 1 1 1 1
 0 0 0 0 0 0 1 1 1 1 1 1 1 1 1 1 1 1 1 1 2 2 2 2 1 1 1 1 2 2 2 2 2 1 1 1 1 1 1 2 2 2 2 2 2 2 1 1 1 2 1 2 2 1 1 1 1 1 0 0 1 0 0 0 0 0 0 0 0 0 0 1 1 1 1 1 1 1 1 1 1 1 2 2 1 2 2 1 1 1 1 1 1 1 1 1 1 1
0 0 0 0 0 0 1 1 1 1 1 1 1 1 1 1 1 1 1 1 2 2 2 2 2 1 1 1 2 2 2 2 2 2 2 2 2 2 1 2 2 2 2 2 1 1 1 1 1 1 1 2 2 1 1 1 1 1 0 0 0 0 0 0 0 0 0 0 0 0 0 0 1 1 1 1 1 1 1 1 1 1 2 1 1 1 1 2 1 1 1 1 1 1 1 1 1 1
 0 0 0 0 0 0 1 1 1 1 1 1 1 1 1 1 1 1 1 2 2 2 2 2 2 2 2 2 2 2 2 2 2 2 2 2 2 2 2 2 1 1 2 2 1 1 1 1 1 1 1 1 1 1 1 1 1 1 0 0 0 0 0 0 0 0 0 0 0 0 0 0 1 1 1 1 1 1 1 2 1 1 2 1 1 1 1 1 1 1 1 1 1 1 1 1 1 1
0 0 0 0 0 1 1 1 1 1 1 1 1 1 1 1 1 1 1 1 1 1 1 1 1 1 1 2 2 2 2 2 2 2 2 2 2 2 2 1 1 1 1 1 1 1 1 1 1 1 1 1 1 1 1 1 1 1 0 0 0 0 0 0 0 0 1 1 1 1 1 1 1 1 1 1 1 1 1 2 1 1 1 1 1 1 1 1 1 1 1 1 1 1 1 1 1 1
 1 1 1 1 1 1 1 1 1 1 1 1 1 1 1 1 1 1 1 1 1 1 1 1 1 1 1 1 1 1 1 1 1 1 1 1 1 1 1 1 1 1 1 1 1 1 1 1 1 1 1 1 1 1 1 1 1 1 1 1 0 0 0 0 1 1 1 1 1 1 1 1 1 1 1 1 1 1 1 2 1 1 1 1 1 1 1 1 1 1 1 1 1 1 1 1 1 1
1 1 1 1 1 1 1 1 1 1 1 1 1 1 1 1 1 1 1 1 1 1 1 1 1 1 1 1 1 1 1 1 1 1 1 1 1 1 1 1 1 1 1 1 1 1 1 1 1 1 1 1 1 1 1 1 1 1 1 1 1 1 1 1 1 1 1 1 1 1 1 1 1 1 1 2 1 1 1 1 1 1 1 1 1 1 1 1 1 1 1 1 1 1 1 1 1 1
 1 1 1 1 1 1 1 1 1 1 1 1 1 1 1 1 1 1 1 1 1 1 1 1 1 1 1 1 1 1 1 1 1 1 1 1 1 1 1 1 1 1 1 1 1 1 1 1 1 1 1 1 1 1 1 1 1 1 1 1 1 1 1 1 1 1 1 1 1 1 1 1 1 2 2 2 2 1 1 1 1 1 1 1 1 1 1 1 1 1 1 1 1 1 1 1 1 1
1 1 1 1 1 1 1 1 1 1 1 1 1 1 1 1 1 1 1 1 1 1 1 1 1 1 1 1 1 1 1 1 1 1 1 1 1 1 1 1 1 1 1 1 1 1 1 1 1 1 1 1 1 1 1 1 1 1 1 1 1 1 1 1 1 1 1 1 1 1 1 1 1 1 1 1 1 1 1 1 1 1 1 1 1 1 1 1 1 1 1 1 1 1 1 1 1 1
 1 1 1 1 1 1 1 1 1 1 1 1 1 1 1 1 1 1 1 1 1 1 1 1 1 1 1 1 1 1 1 1 1 1 1 1 1 1 1 1 1 1 1 1 1 1 1 1 1 1 1 1 1 1 1 1 1 1 1 1 1 1 1 1 1 1 1 1 1 1 1 1 1 1 1 1 1 1 1 1 1 1 1 1 1 1 1 1 1 1 1 1 1 1 1 1 1 1
0 0
3 40   3 50
5 55   5 90   5 92
7 34   7 87
9 57   9 96
12 95
13 34   13 48
17 76
19 48   19 52
20 88
21 74
23 14   23 17
24 47   24 49
25 18   25 74   25 78
27 10   27 52
30 9   30 16
31 54
33 13   33 15
34 17
35 38
36 45   36 48
38 18
39 46
40 27
41 54   41 97
43 88
44 25
46 18
47 77
48 2   48 6
49 74
51 5   51 7
52 0
53 74   53 97
54 14   54 45
55 0   55 3   55 84   55 87
57 23
58 5   58 10
60 49   60 52
61 75   61 77
62 53   62 84
63 23   63 26   63 48
64 74
65 49   65 51   65 82
66 75   66 77
69 48   69 52
71 80
75 83
76 0   76 4
79 22   79 37
80 9
81 82
82 19   82 49
84 11
85 21
87 78
88 9   88 38   88 42
89 57
92 72
93 4   93 57
94 60   94 64
95 0
97 97
-1 -1
102 101 891.12622184445377   102 100 372.59787422497783   102 99 402.11464968152853   102 97 862.65639071700741   102 96 260.42152466367713   102 91 239.42201834862385   102 86 216.51798561151077   102 80 293.53309481216456   102 79 324.9497487437186   102 74 320.474320241692   102 67 355.69209809264305   102 58 382.78355586788439   102 57 404.36461126005327   102 52 354
101 100 586.54797917183248   101 99 553.49957639085017   101 98 525.0110701107011   101 97 57.789473684210527   101 95 708.56043956043948   101 94 536.51051733939732   101 93 483.71725571725574   101 90 258
100 99 60   100 98 74.023255813953483   100 97 553.49957639085017   100 96 92.194029850746247   100 92 686.9095674967233
99 98 40.285714285714285   99 97 511.50146056475171   99 96 125.02040816326529   99 94 219.69230769230765   99 93 268.17416829745594   99 92 648.00000000000023   99 90 434.1717433570966   99 89 576.03877221324717
98 97 648   98 95 42   98 94 201.2432432432432   98 93 248.50375939849624   98 92 628.58920286798843   98 90 378.4285714285715   98 89 532.7489878542508   98 88 181.36196319018407   98 78 274.33260393873087   98 73 305.07692307692304   98 72 299.42944785276075   98 70 300.85714285714278   98 66 316.67611336032388   98 39 674.28865979381453   98 29 822.24896265560153   98 8 1029
97 95 680.66713931230061   97 94 440.05263157894746   97 93 438.44697633654698   97 92 76.615384615384613   97 90 210.84569732937683   97 87 231.26910299003319   97 83 277.1273885350318   97 54 692.3300970873795   97 24 1700.946332737029   97 23 1489.6978967495215   97 16 2118.0106664235573
96 91 89.459016393442624
95 94 186.90871369294604   95 93 216.4724409448819   95 92 591.71780705482342   95 88 164.22935779816513   95 79 301.53886010362692   95 78 210.69230769230762   95 76 410.11969111969103   95 75 374.74395448079662   95 74 452.91201513718056   95 73 246.23076923076925   95 72 297.09677419354836   95 71 352.28744939271246   95 70 294.06122448979585   95 66 290.99999999999994   95 64 357.63157894736844   95 54 402.48837209302303   95 52 597.57387247278473   95 51 618.23790642347331   95 47 703.67629281396921   95 39 659.19170984455957   95 29 803.24644549763048   95 24 1611.3663535439809   95 23 1994.8232668848575   95 17 1996.3846153846164   95 8 999
94 93 60   94 92 432   94 90 211.31381733021075   94 89 343.79753340184999   94 88 103.57894736842105   94 79 571.18304885226564   94 76 426.581863979849   94 75 359.99999999999989   94 74 470.92488954344623   94 71 433.12087912087895   94 64 549.01437986818428
93 92 384   93 90 178.35483870967744   93 89 302.10121457489868
92 90 156.29447852760734   92 89 60   92 87 175.27559055118112   92 83 173.99999999999997   92 70 617.3361261705279   92 69 300.38709677419348   92 68 253.68777614138435   92 62 560.13893967093236   92 59 289.60150375939787   92 54 628.80166435506328   92 42 444.73067915690865   92 38 439.10526315789463   92 24 1634.7306263609573   92 23 1458.655979083527   92 16 2008.750437738179   92 11 770.16266173752206   92 6 886.289176090468
91 86 78.418604651162795
90 89 133.29729729729729   90 87 59.53846153846154   90 85 181.71428571428572   90 82 242.4114441416894
89 87 124.88059701492536   89 85 60   89 83 148.21192052980132   89 77 674.57142857142844   89 73 628.49764521193072   89 72 571.20821448944673   89 70 541.3523316062176   89 69 259.11383537653239   89 68 220.41683778234082   89 62 550.19616204690817   89 61 277.60629921259834   89 60 274.83977900552452   89 59 256.49786628733966   89 57 1343.9179512680205   89 56 314.16157205240143   89 55 323.30769230769187   89 54 608.38722009830803   89 53 349.42105263157896   89 43 416.09893992932876   89 42 403.44412607449846   89 24 1531.3687735454164   89 16 1809.7682479724447   89 11 725.34848834525712   89 6 840.15063012602513
88 79 400.16343490304695   88 76 358.32786885245918   88 75 356.14285714285711   88 74 409.66019417475735   88 71 344.0184331797235   88 64 478.87318489835417   88 51 1007.1217798594859   88 47 1043.8895705521481   88 24 1250.1508920471667   88 23 1626.970845481055   88 17 1661.9947689625146   88 16 1584.9073569482259   88 13 1770.1337579617882   88 10 1652.6798480400628   88 9 1726.8355989125205
87 85 145.60194174757277   87 83 69.78947368421052   87 82 213.85714285714286   87 70 478.61174408413672   87 69 209.88990825688072   87 68 226.42268041237111   87 62 431.06650831353949   87 61 284.8421052631569   87 60 279.78343949044688   87 59 289.73006134969313   87 56 321.05717916137331   87 55 386.83127109111422   87 54 497.27848101265857   87 53 324.17618270799335   87 43 429.38848920863302   87 42 396.23324396782857   87 36 504.22505161734341   87 24 1543.8776978417234   87 23 1323.5383360521994   87 22 606.87894952810802   87 17 1212.7312212570248   87 16 1929.0376766091006
86 80 68.571428571428569   86 67 181.74725274725273   86 58 244.82706766917275   86 57 243.63405088062615   86 52 268.50553505535123
85 84 332.34686346863469   85 83 162.9344262295082   85 82 70.459459459459467   85 77 667.90430042398543   85 73 530.24050632911383   85 72 503.82089552238801   85 70 472.84524479459776   85 69 240.10898661567876   85 68 218.19203747072601   85 65 1367.7600241789235   85 64 1338.4615384615379   85 62 497.36842105263185   85 61 244.18681318681317   85 60 244.21108179419505   85 59 244.77924217462999   85 58 1231.946312773332   85 57 1170.8495704328077   85 56 277.58116232464914   85 55 288.92606284658001   85 54 532.30282861896944   85 53 298.15037593984948   85 52 1477.8399570354406   85 43 407.46835443037992   85 42 399.02931596091275   85 38 431.05511811023706   85 11 738.12770724421182   85 6 884.07036797934188
84 83 216   84 82 367.08680248007084   84 81 404.75159235668781   84 77 241.34693877551027   84 73 294.85714285714295   84 72 272.62886597938143   84 70 267.87220447284346   84 69 236.85623003194894   84 68 273.15463917525773   84 62 272.70223325062034   84 61 449.64949402023962   84 60 512.28622927181095   84 55 569.63853414769608   84 54 314.99999999999949   84 53 433.71596474045089   84 39 470.62390670554004   84 17 1416.289825282628   84 13 1440.9564032697529
83 82 227.58739255014331   83 81 250.42105263157899   83 77 488.24900133155808   83 73 487.83400809716602   83 72 451.8082191780822   83 70 406.86635944700458   83 69 203.30769230769232   83 68 206.08290155440415   83 62 384.44090441932167   83 61 255.24640657084245   83 60 312.00000000000091   83 59 251.14285714285711   83 58 1264.9325746188495   83 57 1182.42376052385   83 55 345.14410480349392   83 54 407.07692307692417   83 53 299.67837338262461   83 51 1196.8421052631563   83 43 380.12903225806451   83 36 448.93911007025747   83 24 1492.3875634040921   83 23 1254.3901042731522   83 22 544.28688152519305   83 17 1146.7036541036914   83 16 1898.4579046514957
82 81 60   82 78 606.47844286312272   82 77 506.87357461576596   82 73 483.37707711972735   82 72 470.00879222582131   82 71 1175.3482428115019   82 70 466.06217370669196   82 69 272.17535545023691   82 68 207   82 65 1115.0161550888529   82 64 1071.1567884870294   82 62 620.91474966170517   82 61 222.67741935483841   82 60 220.27868852459017   82 59 264.98156682027724   82 56 261.77945619335355   82 55 250.28571428571425   82 54 469.77299412915738   82 53 224.1058315334765   82 47 1634.3050570962469   82 44 1753.6931874689224   82 43 307.78415614236485   82 42 496.48138957816354   82 41 1793.9543797913834   82 38 529.97068620919333   82 11 653.04095213719097
81 78 594.15789473684208   81 77 530.46881540393485   81 75 1088.6842105263163   81 74 1156.2631578947371   81 73 523.94021144732051   81 72 459.857142857143   81 71 1193.6217765042982   81 70 499.4788221056877   81 69 300.87937273823883   81 68 279.94550810014721   81 65 1136.1862348178131   81 64 1086.7176691088773   81 62 704.62051677593502   81 61 235.25072886297397   81 60 219.80597014925334   81 59 319.24301336573546   81 56 258.42857142857144   81 55 237.93353474320242   81 54 502.91457286432058   81 53 284.3345259391773   81 48 288.17434869739458   81 47 1698.0910283746102   81 44 1825.7321078800699   81 42 467.04163675520374   81 41 1950.9458896982351   81 38 453.85714285714226   81 12 929.77819478326182
80 79 52.714285714285715   80 76 112.28155339805824   80 74 103.57894736842105   80 71 145.75690607734808   80 67 129.30708661417324   80 58 193.89873417721509   80 57 191.90033222591364   80 52 238.34168157423989
79 78 390.03049555273191   79 77 445.02531645569621   79 76 67.451612903225808   79 75 83.75510204081634   79 74 67.451612903225808   79 73 730.25806451612914   79 72 732.43724696356253   79 69 865.90688259109277   79 68 878.61783439490466   79 67 94.479452054794521   79 66 718.71481028151766   79 63 673.10631229235901   79 58 154.70539419087098   79 54 736.96817874068893   79 52 244.82706766917283
78 77 60   78 76 556.14662273476108   78 75 506.52631578947376   78 74 574.10526315789457   78 73 47.53846153846154   78 72 52.714285714285715   78 71 738.39916839916839   78 70 74.023255813953483   78 69 337.19061166429583   78 68 339.85714285714283   78 66 75.567567567567579   78 65 734.31797919762266   78 64 698.00173310225296   78 58 844.28571428571399   78 57 762.50982066609663   78 52 953.23274695534462   78 51 680.84023668639111   78 47 839.93877551020341   78 44 818.31983805667835   78 39 349.70270270270288   78 29 439.23919043238277   78 24 1393.3308270676671   78 23 2100   78 17 1626.911392405065   78 16 1619.502123489053   78 13 1664.4746543778845   78 10 1718.5128446853616   78 9 1744.954270923208   78 8 679.40366972477057
77 76 555.92307692307691   77 75 571.32863187588157   77 74 700.93150684931538   77 73 52.714285714285715   77 72 47.53846153846154   77 71 741.65919282511197   77 70 57   77 69 278.05479452054794   77 68 300.66257668711648   77 66 87.15789473684211   77 65 710.64566929133855   77 64 692.69884169884165   77 62 93.442622950819683   77 60 549.80786686837939   77 58 765.88489208632939   77 57 691.50935550935264   77 54 178.77348066298333   77 52 904.89510219822455   77 51 739.81105990783317   77 47 923.80327868852316   77 44 944.01328903654212   77 24 1487.2040816326503   77 23 1437.2255639097725   77 16 1607.9883963106195   77 10 1671.0469667318953
76 75 36   76 74 67.451612903225808   76 73 451.75576036866357   76 72 497.00132100396314   76 69 912.3871724677357   76 68 941.07981875217831   76 66 557.51020408163265   76 63 554.76073619631904   76 62 570.17755856966721
75 74 79.578947368421055   75 73 480.34719710669077   75 72 496.74193548387103   75 71 36   75 69 854.73548113607478   75 68 866.16397141782647   75 66 598.83870967741927   75 63 535.51079136690646   75 54 719.14285714285666   75 39 939.09786276715261   75 29 1192.7991038088098   75 26 1135.1311475409811   75 15 1099.0943134535426   75 14 1262.5014836795242   75 8 1586.5461173897197
74 67 48   74 58 132   74 52 187.37837837837824
73 72 36   73 71 492.95857988165687   73 69 292.60509554140128   73 68 342.8271918678526   73 66 48   73 65 590.51162790697686   73 64 558.73469387755119   73 58 673.4967177242886   73 57 654.98969072164846   73 52 771.75539568345266   73 51 690.07535321820944   73 47 929.80859916782322   73 44 980.79107725789027   73 24 1489.2503888024862   73 23 1392.1145170618838   73 17 1045.7127713276082   73 16 1570.5899684321269   73 13 1111.3489162770886   73 10 1640.142535633908
72 71 496.77204658901826   72 70 36   72 69 286.55639097744358   72 68 326.27540500736376   72 65 596.95477386934658   72 64 573.90697674418618   72 58 691.94733377221792   72 57 695.53846153846007   72 54 130.70270270270271   72 52 773.99999999999943
71 66 444.48648648648657   71 64 48   71 63 541.16129032258073   71 62 544.35164835164846   71 54 664.40174672489047   71 51 143.93406593406593   71 47 232.57988165680473   71 39 946.37837837837651   71 29 1160.5488721804488   71 26 1170.6165211551358   71 23 773.61349693251543   71 17 814.63518385003601   71 15 1133.9182231196421   71 14 1237.9294605809102   71 8 1388.1428571428592
70 69 420   70 68 456   70 62 40.285714285714285   70 54 122.50684931506864   70 39 233.77443609022583
69 68 48   69 63 376.97260273972603   69 62 321.9473684210526   69 58 1070.4722738126825   69 57 1037.919109026964   69 54 214.03473945409419   69 52 1145.7888975762341   69 51 1054.5094577553602   69 47 1370.1077111383124   69 44 1377.296455424281   69 41 1529.189189189193
68 63 389.90109890109881   68 62 368.67123287671228   68 61 195.35820895522292   68 60 268.94459833794986   68 59 57   68 58 1087.0077220077224   68 57 1044.7895993632269   68 53 170.44370860927106   68 52 1161.7809403711062   68 51 1047.4977578475343   68 43 182.17408906882619   68 36 243.86573146292602   68 32 276.83803863298681   68 28 319.51546391752612   68 22 342.06498194945863
67 65 74.023255813953483   67 64 94.479452054794521   67 63 613.64459591041873   67 62 643.66123778501628   67 58 96   67 57 75.567567567567565   67 54 778.1701720841312   67 52 146.99999999999926   67 51 133.68874172185394   67 39 1207.3863447127351
66 65 475.50748752079863   66 64 455.25443786982248   66 63 36   66 58 661.53300733496314   66 57 587.57142857142844   66 52 759.72464478197026   66 51 627.19502868068957   66 47 894.43803056027264   66 44 928.36150845253837   66 39 291.2432432432434   66 29 383.51452282157686   66 24 1442.2325581395323   66 23 1350.4392209536579   66 17 1061.2739408009245   66 16 1592.3076923076883   66 13 1125.5997102848819   66 10 1624.4344600164843   66 8 599.59802538787051
65 64 36   65 63 492.48387096774195   65 62 503.21402214022146   65 58 129.3070866141731   65 57 103.57894736842105   65 54 700.24885635864689   65 52 238.28571428571416   65 51 79.578947368421225   65 39 1149.9987937273788   65 29 1126.9335548172737   65 26 1130.6702412868608   65 21 1205.5546492659028   65 15 1292.8952772073899   65 14 1237.50277264325   65 8 1217.4019769357503   65 3 1272.3385049365306
64 63 499.90958408679921   64 62 512.02275960170709   64 58 149.36842105263142   64 57 101.99999999999939   64 54 670.61633919338226   64 52 244.82706766917315   64 51 103.34693877551021   64 39 1070.3684210526285   64 29 1188.4838709677404   64 26 1200.3352435530064   64 15 1174.3347732181378   64 14 1107.1578947368364   64 8 1293.9795918367354   64 3 1378.1860465116281
63 62 48   63 58 711.07974980453571   63 57 675.27906976744373   63 54 149.36842105263148   63 52 799.32558139535149   63 51 674.20441988950392   63 47 920.78894472362083   63 44 940.32046332046821   63 39 228.7797833935021   63 24 1419.919802590992   63 23 1247.0526315789436   63 17 1071.7377049180293   63 16 1518.230769230765   63 13 1219.1550075490657   63 10 1679.3609169695246   63 8 514.06612821807209
62 58 737.3984010659583   62 57 716.63408913213641   62 54 101.30232558139488   62 52 826.06864796986565   62 51 684.93013100436815   62 47 897.60728744939502   62 44 955.64856230032365   62 39 219.01993355481744   62 24 1452.1928451648928   62 23 1261.0783938814507   62 17 1137.8140703517565   62 16 1639.3693495038549   62 13 1160.1236584227695   62 10 1726.4453694068645
61 60 72   61 59 176.21311475409837   61 53 68.571428571428569   61 42 225.09677419354841   61 38 244.82706766917292   61 14 586.65383149066042   61 12 696.27690769743549
60 59 230.16909620991254   60 56 48   60 55 57
59 53 148.85567010309279   59 43 156   59 42 127.18604651162792   59 36 182.05315614617939   59 32 220.10022779043285   59 28 252.58208955223878   59 22 308.0012610340479
58 57 48   58 54 737.52351964582192   58 52 112.28155339805825   58 51 136.04651162790697
57 54 723.51313260730296   57 52 136.04651162790697   57 51 112.28155339805825
56 55 48   56 49 68.571428571428569   56 48 60
54 51 849.35820895522386   54 47 1043.7637795275591   54 44 1108.7017383348607   54 41 1283.8411497730722   54 40 1390.1800208116551   54 39 161.1981566820277   54 24 944.61152310325247   54 23 815.67221852098737   54 17 750.20272673384761   54 16 1070.5405007363788   54 13 763.97473997028283
53 43 108   53 42 166.95918367346943   53 38 193.89873417721518   53 14 536.95305832148017   53 12 639.88861689106591   53 11 540   53 6 482.76456427539671
51 47 84   51 39 993.11811023621988   51 29 1038.9121887287033   51 26 1088.2734611503543   51 23 522   51 21 1116.7306791569104   51 17 552   51 15 1145.3538119911186   51 14 1170.2294232015574   51 8 1126.8506605399184   51 3 1176.939205361416
50 45 60   50 30 229.98675496688764   50 28 260.67528271405513   50 27 276.56756756756732   50 25 311.17616580310874   50 22 326.66929133858281   50 0 405
49 48 36
47 44 54.000000000000071   47 39 928.71428571428601   47 29 954.44790046656476   47 26 1070.5714285714284   47 24 541.28571428571422   47 23 462   47 21 1066.4235924932993   47 17 492   47 16 406.30627306273004   47 15 1000.8507333908558   47 14 1066.2190969652124   47 10 488.25777470629049   47 9 525.78384798099887   47 8 831.01208865009926   47 3 908.43077771649007
46 45 60   46 30 192   46 27 238.28571428571425   46 25 236.07692307692307   46 22 229.49728752260387   46 0 499.65306122448976
45 30 206.03322259136218   45 28 239.74031890660584   45 27 244.6849315068493   45 25 261.7071960297767   45 22 298.88340807174899   45 6 592.81268882175209   45 0 480.98383371824485
44 41 128.41353383458647   44 39 1035.8201438848923   44 29 957.5908460471569   44 26 924.16216216216208   44 24 441.72527472527469   44 23 451.64516129032256   44 21 1007.1736972704711   44 16 259.43835616438355   44 15 789.5193734542454   44 14 909.23932820153948   44 11 1191.7864506627398   44 10 480   44 9 516   44 8 781.00539447066762   44 3 832.99391256225772
43 42 83.07692307692308   43 38 102   43 36 72   43 33 243.63405088062626   43 22 201.19033232628399   43 20 364.62458471760789   43 15 430.19689119170971   43 14 480.5788761002031   43 12 584.24613623354321   43 11 444   43 6 423.49681528662433
42 38 60   42 36 103.57894736842105   42 32 130.12230215827338   42 31 147.99447513812154   42 28 147.15789473684211   42 22 184.27476038338656   42 19 198.06976744186048   42 11 325.35018495684346   42 6 373.9552372426142
41 40 99.857142857142861   41 39 1094.3632441760137   41 29 784.93670886075984   41 26 798.09677419354841   41 24 204.64723032069975   41 23 267.49202733485185   41 21 846.37684325505188   41 16 259.92695214105794   41 15 714   41 14 824.19685039370063   41 11 979.98496240601423   41 10 353.38269986893846   41 9 368.2234156820623   41 8 574.81181619255995   41 3 601.49171270718227   41 0 1760.5938821998052
40 39 1476   40 29 843.13721413721407   40 26 839.6519337016573   40 24 288.49909584086799   40 23 310.42718446601947   40 21 867.73569482288815   40 20 898.09938561619106   40 16 284.9002375296912   40 15 768.93467336683386   40 14 846.94645441389321   40 11 1008.2903225806457   40 10 290.41601255886974   40 9 310.70091027308194   40 0 1672.3215380328782
39 29 87   39 24 549   39 23 531.64864864864865   39 17 593.99999999999955   39 16 766.7529249827943   39 13 557.5938864628821   39 8 303.44015444015446
38 36 93.428571428571445   38 33 133.68874172185429   38 32 140.45669291338587   38 31 158.6272189349113   38 28 158.69387755102045   38 27 229.08270676691725   38 22 191.61410788381741   38 20 245.83783783783781   38 19 214.78827361563521   38 15 335.50458715596335   38 14 355.96343001261039   38 12 440.78295341922666   38 11 272.55223880597021   38 6 333.77319587628875
37 35 48   37 34 48   37 26 156
36 33 245.4168618266979   36 32 47.53846153846154   36 28 83.07692307692308   36 22 129.30708661417324   36 20 473.04048582995949   36 15 561.67761806981525   36 14 537.20982514571176   36 12 467.55825589706956   36 11 292.76113360323887   36 6 349.84894259818731
35 34 48   35 26 120
33 32 233.3520518358531   33 31 299.12030075187971   33 30 310.18471337579609   33 28 256.28571428571433   33 27 366.74915635545557   33 22 240.94736842105274   33 20 137.09815950920245   33 19 248.36065573770492   33 14 176.95890410958904   33 12 208.64578833693292   33 11 244.42480211081792   33 0 834.55102040816337
32 31 27   32 30 47.53846153846154   32 28 47.53846153846154   32 27 103.57894736842105   32 22 96.857142857142847   32 21 436.19563239308462   32 20 412.61538461538458   32 15 511.75927221833439   32 14 444.69767441860455   32 12 327.00000000000051   32 11 296.30769230769261   32 7 1119.8809135399679   32 6 350.50410316529894   32 4 1124.30034808553
31 30 36   31 28 40.285714285714285   31 27 83.75510204081634   31 22 79.578947368421055   31 21 444.19526627218931   31 20 434.76923076923066   31 15 511.59894459102907   31 14 439.04854368932035   31 12 394.26349892008636   31 11 302.36913767019678   31 7 1108.3284132841336   31 6 400.83870967741927   31 4 1147.4529212940611
30 28 47.53846153846154   30 27 57   30 22 94.479452054794521   30 21 464.85692657077988   30 20 458.1479289940828   30 15 528.45323741007189   30 14 464.57142857142838   30 13 822.11247296322995   30 12 403.27868852458977   30 11 312.97165991902887   30 7 1115.9493565101125   30 6 421.40506329113913   30 4 1153.9398496240594
29 26 60   29 24 407.41791044776119   29 23 369.21779859484775   29 21 92.194029850746247   29 17 262.10526315789485   29 15 125.14285714285712   29 14 156   29 13 297.13787638668782   29 8 215.12903225806454   29 7 562.38461538461513   29 4 583.28785357737058
28 27 96   28 22 72   28 21 443.61290322580646   28 20 411.5344129554656   28 15 448.71820098383711   28 14 387.26155187445511   28 13 773.35040929495631   28 12 374.42969363707743   28 11 289.30411449016123   28 7 1010.7505899437288   28 6 383.7198917456023   28 5 1055.5970574276232
27 25 48   27 0 297.00000000000006
26 24 351.02209131075108   26 23 296.75359342915812   26 21 57.789473684210527   26 17 231.42270058708419   26 15 72   26 14 108   26 13 288.9815668202765   26 11 231.74522292993635   26 8 172.38805970149252   26 7 613.27868852459051   26 4 630.59269507470992
25 18 68.571428571428569   25 0 336.04109589041093
24 23 60   24 21 332.98966704936856   24 20 346.28700906344415   24 19 656.84532760472587   24 18 692.24688948524044   24 16 119.83486238532107
23 21 297.73271889400917   23 20 319.36723910171736   23 19 624.21033210332121   23 18 658.70607826810999   23 17 42   23 15 264.62818003913895   23 14 307.77524893314364   23 8 259.02910602910583   23 3 302.56429652042351
22 21 330.47690655209453   22 20 316.90405904059048   22 19 36   22 17 628.80304955527322   22 15 381.41589180050715   22 14 334.1650485436893   22 13 702.93552168815938   22 12 359.57142857142856   22 11 289.78021978021997   22 6 352.53306613226431   22 0 434.7410604192354
21 20 36   21 19 333.55287009063449   21 18 362.20654911838795   21 17 259.43835616438355   21 15 67.451612903225808   21 14 57.789473684210527   21 13 372.06809583858762   21 11 188.31229235880397   21 8 161.87551867219921   21 7 681.92348440259036   21 4 732.42147516307159   21 0 942.66501941404829
20 19 324.36854190585535   20 18 352.62346263008521   20 17 271.74574049803408   20 15 83.75510204081634   20 14 52.714285714285715   20 13 382.48511576626225   20 12 108.87096774193547   20 11 170.61133603238875   20 7 710.6752827140557   20 4 738.96532593620054   20 0 963.54297614539894
19 18 48   19 17 622.66051660516609   19 15 359.46645109135005   19 14 322.29496402877697   19 13 661.57012542759389   19 12 402.79922779922754   19 11 330.95604395604369   19 6 374.27650727650717   19 0 429.69132290184933
18 17 654.02497918401332   18 15 379.51648351648345   18 14 353.54794520547944   18 13 663.90829243089627   18 12 428.54183590576736   18 11 388.89473684210515   18 6 409.21621621621597   18 1 478.96721311475403   18 0 381.80065897858327
17 15 253.11498973305959   17 14 298.34756995581733   17 13 84   17 8 238.94962216624691   17 3 294.87341772151888
16 10 110.31958762886596
15 14 60   15 13 274.64766839378234   15 8 132   15 7 609.12378094523672   15 4 643.61973601508544
14 13 331.58958068614993   14 12 56.999999999999993   14 11 164.54260089686082   14 0 754.52230270682458
13 8 297.44009779951119   13 7 299.02040816326519   13 4 341.68421052631572   13 3 391.18032786885254   13 2 423.81652490887018
12 11 180
11 6 57   11 0 584.99999999999955
10 9 48
9 5 68.571428571428569
8 7 389.67109634551491   8 5 405.70088924818111   8 4 380.09264305177112   8 3 60
7 4 42   7 3 336.65141187925997   7 2 480.16292541636489
6 1 72.000000000000028   6 0 449.57457212713939
5 4 36   5 3 588   5 2 479.48556876061099   5 1 623.37938677502746   5 0 956.32653061224471
4 3 564   4 2 483.05801621958813   4 1 621.01438274071086   4 0 953.54647338287202
3 2 68.571428571428555
2 1 132   2 0 481.4337113805239
1 0 376.57377049180315
